0,0,1,0,1,0,-1,0,0,0,0,0.5,0
-2.4411e-05,5.8907e-05,1,5.8907e-05,1,-5.8906e-05,-1,5.8906e-05,-2.4414e-05,4.8632e-06,3.7888e-05,0.49996,0
-9.7404e-05,0.00023511,1,0.00023511,1,-0.00023509,-1,0.00023509,-9.7459e-05,1.9417e-05,0.00015123,0.49984,0
-0.00021859,0.00052785,1,0.00052785,1,-0.00052773,-1,0.00052773,-0.00021887,4.3618e-05,0.00033954,0.49965,0
-0.00038754,0.00093637,1,0.00093637,1,-0.000936,-1,0.000936,-0.00038842,7.744e-05,0.00060239,0.49937,0
-0.00060379,0.0014599,1,0.0014599,1,-0.0014591,-1,0.0014591,-0.00060592,0.00012087,0.00093934,0.49903,0
-0.00086683,0.0020978,1,0.0020978,1,-0.002096,-1,0.002096,-0.00087123,0.0001739,0.00135,0.4986,0
-0.0011761,0.0028494,1,0.0028494,0.99999,-0.002846,-1,0.002846,-0.0011842,0.00023656,0.001834,0.4981,0
-0.0015311,0.0037139,0.99999,0.0037139,0.99999,-0.0037082,-0.99999,0.0037082,-0.0015448,0.00030887,0.0023909,0.49753,0
-0.0019311,0.0046906,0.99999,0.0046906,0.99998,-0.0046815,-0.99999,0.0046815,-0.001953,0.00039086,0.0030204,0.49688,0
-0.0023755,0.005779,0.99998,0.005779,0.99997,-0.0057652,-0.99998,0.0057652,-0.0024088,0.00048261,0.0037223,0.49615,0
-0.0028636,0.0069784,0.99997,0.0069784,0.99995,-0.0069582,-0.99997,0.0069582,-0.0029121,0.00058416,0.0044961,0.49536,0
-0.0033947,0.008288,0.99996,0.008288,0.99993,-0.0082596,-0.99996,0.0082596,-0.0034631,0.00069562,0.0053416,0.49449,0
-0.003968,0.0097074,0.99995,0.0097074,0.99991,-0.0096685,-0.99995,0.0096685,-0.0040619,0.00081706,0.0062586,0.49356,0
-0.0045828,0.011236,0.99993,0.011236,0.99987,-0.011184,-0.99993,0.011184,-0.0047085,0.00094859,0.0072467,0.49255,0
-0.0052382,0.012873,0.9999,0.012873,0.99984,-0.012804,-0.9999,0.012804,-0.0054031,0.0010903,0.0083059,0.49147,0
-0.0059334,0.014617,0.99988,0.014617,0.99979,-0.014529,-0.99988,0.014529,-0.0061459,0.0012424,0.0094357,0.49033,0
-0.0066676,0.01647,0.99984,0.01647,0.99973,-0.016358,-0.99984,0.016358,-0.006937,0.001405,0.010636,0.48912,0
-0.0074397,0.018428,0.9998,0.018428,0.99966,-0.018289,-0.9998,0.018289,-0.0077768,0.0015782,0.011907,0.48784,0
-0.0082489,0.020493,0.99976,0.020493,0.99958,-0.020321,-0.99976,0.020321,-0.0086654,0.0017623,0.013248,0.48649,0
-0.0090942,0.022664,0.9997,0.022664,0.99949,-0.022453,-0.9997,0.022453,-0.0096032,0.0019573,0.014659,0.48508,0
-0.0099746,0.024939,0.99964,0.024939,0.99938,-0.024684,-0.99964,0.024684,-0.01059,0.0021635,0.016139,0.48361,0
-0.010889,0.027319,0.99957,0.027319,0.99926,-0.027013,-0.99957,0.027013,-0.011627,0.0023811,0.01769,0.48207,0
-0.011837,0.029802,0.99949,0.029802,0.99912,-0.029438,-0.99949,0.029438,-0.012714,0.0026102,0.01931,0.48048,0
-0.012816,0.032389,0.99939,0.032389,0.99896,-0.03196,-0.99939,0.03196,-0.013852,0.0028513,0.020999,0.47882,0
-0.013826,0.035078,0.99929,0.035078,0.99879,-0.034575,-0.99929,0.034575,-0.01504,0.0031043,0.022758,0.4771,0
-0.014866,0.03787,0.99917,0.03787,0.99859,-0.037284,-0.99917,0.037284,-0.016279,0.0033697,0.024586,0.47532,0
-0.015935,0.040763,0.99904,0.040763,0.99836,-0.040085,-0.99904,0.040085,-0.017571,0.0036477,0.026483,0.47348,0
-0.017031,0.043757,0.9989,0.043757,0.99812,-0.042977,-0.9989,0.042977,-0.018914,0.0039385,0.028449,0.47159,0
-0.018153,0.046851,0.99874,0.046851,0.99784,-0.045958,-0.99874,0.045958,-0.020309,0.0042424,0.030484,0.46964,0
-0.019301,0.050045,0.99856,0.050045,0.99754,-0.049027,-0.99856,0.049027,-0.021758,0.0045598,0.032588,0.46764,0
-0.020472,0.053339,0.99837,0.053339,0.99721,-0.052183,-0.99837,0.052183,-0.023259,0.0048909,0.034761,0.46558,0
-0.021665,0.05673,0.99815,0.05673,0.99685,-0.055425,-0.99815,0.055425,-0.024815,0.005236,0.037002,0.46347,0
-0.02288,0.06022,0.99792,0.06022,0.99645,-0.058751,-0.99792,0.058751,-0.026425,0.0055956,0.039312,0.46131,0
-0.024114,0.063807,0.99767,0.063807,0.99602,-0.06216,-0.99767,0.06216,-0.02809,0.0059698,0.041691,0.4591,0
-0.025368,0.067491,0.9974,0.067491,0.99556,-0.06565,-0.9974,0.06565,-0.02981,0.0063592,0.044138,0.45683,0
-0.026638,0.071271,0.9971,0.071271,0.99505,-0.069221,-0.9971,0.069221,-0.031586,0.0067639,0.046653,0.45452,0
-0.027924,0.075146,0.99678,0.075146,0.99451,-0.07287,-0.99678,0.07287,-0.033418,0.0071845,0.049237,0.45217,0
-0.029225,0.079116,0.99644,0.079116,0.99392,-0.076596,-0.99644,0.076596,-0.035307,0.0076213,0.051889,0.44976,0
-0.030539,0.083181,0.99607,0.083181,0.99329,-0.080398,-0.99607,0.080398,-0.037253,0.0080746,0.054609,0.44732,0
-0.031864,0.087338,0.99567,0.087338,0.99261,-0.084274,-0.99567,0.084274,-0.039257,0.008545,0.057397,0.44482,0
-0.0332,0.091588,0.99524,0.091588,0.99188,-0.088223,-0.99524,0.088223,-0.041319,0.0090327,0.060253,0.44229,0
-0.034544,0.09593,0.99479,0.09593,0.9911,-0.092243,-0.99479,0.092243,-0.04344,0.0095384,0.063177,0.43972,0
-0.035896,0.10036,0.9943,0.10036,0.99028,-0.096333,-0.9943,0.096333,-0.04562,0.010062,0.066169,0.4371,0
-0.037254,0.10489,0.99379,0.10489,0.98939,-0.10049,-0.99379,0.10049,-0.04786,0.010605,0.069228,0.43445,0
-0.038616,0.1095,0.99324,0.1095,0.98846,-0.10472,-0.99324,0.10472,-0.05016,0.011167,0.072356,0.43176,0
-0.039981,0.1142,0.99265,0.1142,0.98746,-0.109,-0.99265,0.109,-0.052521,0.011748,0.07555,0.42903,0
-0.041347,0.11899,0.99203,0.11899,0.9864,-0.11336,-0.99203,0.11336,-0.054944,0.01235,0.078812,0.42627,0
-0.042713,0.12387,0.99138,0.12387,0.98529,-0.11777,-0.99138,0.11777,-0.057428,0.012972,0.082141,0.42347,0
-0.044077,0.12883,0.99069,0.12883,0.9841,-0.12224,-0.99069,0.12224,-0.059974,0.013615,0.085537,0.42064,0
-0.045438,0.13388,0.98996,0.13388,0.98286,-0.12677,-0.98996,0.12677,-0.062583,0.01428,0.089,0.41778,0
-0.046795,0.13901,0.98918,0.13901,0.98154,-0.13136,-0.98918,0.13136,-0.065255,0.014967,0.092529,0.41489,0
-0.048144,0.14423,0.98837,0.14423,0.98015,-0.136,-0.98837,0.136,-0.067991,0.015677,0.096125,0.41197,0
-0.049486,0.14953,0.98752,0.14953,0.9787,-0.1407,-0.98752,0.1407,-0.07079,0.01641,0.099788,0.40902,0
-0.050818,0.15491,0.98662,0.15491,0.97716,-0.14544,-0.98662,0.14544,-0.073654,0.017166,0.10352,0.40605,0
-0.05214,0.16037,0.98568,0.16037,0.97556,-0.15024,-0.98568,0.15024,-0.076582,0.017947,0.10731,0.40305,0
-0.053448,0.16591,0.98469,0.16591,0.97387,-0.15508,-0.98469,0.15508,-0.079576,0.018753,0.11117,0.40003,0
-0.054742,0.17152,0.98366,0.17152,0.97211,-0.15996,-0.98366,0.15996,-0.082635,0.019584,0.1151,0.39698,0
-0.05602,0.17722,0.98258,0.17722,0.97026,-0.16489,-0.98258,0.16489,-0.08576,0.020441,0.11909,0.39392,0
-0.05728,0.18299,0.98144,0.18299,0.96833,-0.16986,-0.98144,0.16986,-0.088951,0.021325,0.12314,0.39083,0
-0.058522,0.18883,0.98026,0.18883,0.96631,-0.17487,-0.98026,0.17487,-0.092209,0.022236,0.12726,0.38773,0
-0.059742,0.19475,0.97903,0.19475,0.96421,-0.17992,-0.97903,0.17992,-0.095533,0.023175,0.13145,0.3846,0
-0.06094,0.20075,0.97775,0.20075,0.96202,-0.185,-0.97775,0.185,-0.098924,0.024141,0.13569,0.38146,0
-0.062115,0.20681,0.97641,0.20681,0.95973,-0.19012,-0.97641,0.19012,-0.10238,0.025137,0.14001,0.37831,0
-0.063263,0.21294,0.97502,0.21294,0.95735,-0.19527,-0.97502,0.19527,-0.10591,0.026163,0.14438,0.37514,0
-0.064384,0.21914,0.97357,0.21914,0.95488,-0.20044,-0.97357,0.20044,-0.1095,0.027219,0.14882,0.37196,0
-0.065477,0.22541,0.97206,0.22541,0.95231,-0.20565,-0.97206,0.20565,-0.11316,0.028305,0.15332,0.36877,0
-0.066539,0.23174,0.9705,0.23174,0.94965,-0.21087,-0.9705,0.21087,-0.11689,0.029423,0.15788,0.36557,0
-0.067569,0.23814,0.96888,0.23814,0.94688,-0.21612,-0.96888,0.21612,-0.12069,0.030573,0.1625,0.36236,0
-0.068566,0.2446,0.9672,0.2446,0.94401,-0.2214,-0.9672,0.2214,-0.12456,0.031756,0.16719,0.35914,0
-0.069527,0.25112,0.96546,0.25112,0.94104,-0.22669,-0.96546,0.22669,-0.12849,0.032972,0.17193,0.35592,0
-0.070451,0.2577,0.96365,0.2577,0.93796,-0.23199,-0.96365,0.23199,-0.13249,0.034222,0.17674,0.35269,0
-0.071338,0.26434,0.96179,0.26434,0.93478,-0.23731,-0.96179,0.23731,-0.13656,0.035506,0.1816,0.34945,0
-0.072184,0.27104,0.95986,0.27104,0.93148,-0.24264,-0.95986,0.24264,-0.1407,0.036826,0.18652,0.34622,0
-0.072989,0.27779,0.95787,0.27779,0.92808,-0.24798,-0.95787,0.24798,-0.14491,0.038182,0.19151,0.34298,0
-0.073751,0.28459,0.95581,0.28459,0.92457,-0.25333,-0.95581,0.25333,-0.14918,0.039575,0.19655,0.33975,0
-0.074468,0.29145,0.95368,0.29145,0.92094,-0.25869,-0.95368,0.25869,-0.15352,0.041004,0.20164,0.33651,0
-0.075139,0.29836,0.95149,0.29836,0.9172,-0.26404,-0.95149,0.26404,-0.15793,0.042472,0.20679,0.33328,0
-0.075763,0.30531,0.94923,0.30531,0.91335,-0.2694,-0.94923,0.2694,-0.16241,0.043978,0.212,0.33005,0
-0.076338,0.31231,0.94691,0.31231,0.90938,-0.27475,-0.94691,0.27475,-0.16696,0.045524,0.21727,0.32682,0
-0.076862,0.31936,0.94451,0.31936,0.90529,-0.28011,-0.94451,0.28011,-0.17157,0.047109,0.22258,0.3236,0
-0.077335,0.32644,0.94205,0.32644,0.90108,-0.28545,-0.94205,0.28545,-0.17625,0.048734,0.22795,0.32039,0
-0.077754,0.33357,0.93951,0.33357,0.89676,-0.29078,-0.93951,0.29078,-0.181,0.050401,0.23338,0.31718,0
-0.078118,0.34074,0.93691,0.34074,0.89231,-0.29611,-0.93691,0.29611,-0.18581,0.05211,0.23885,0.31399,0
-0.078427,0.34794,0.93423,0.34794,0.88774,-0.30142,-0.93423,0.30142,-0.19069,0.053861,0.24438,0.3108,0
-0.078677,0.35518,0.93148,0.35518,0.88305,-0.30671,-0.93148,0.30671,-0.19563,0.055655,0.24996,0.30763,0
-0.078869,0.36245,0.92866,0.36245,0.87823,-0.31199,-0.92866,0.31199,-0.20064,0.057493,0.25559,0.30446,0
-0.079001,0.36976,0.92576,0.36976,0.87329,-0.31725,-0.92576,0.31725,-0.20571,0.059375,0.26126,0.30131,0
-0.079071,0.37709,0.92279,0.37709,0.86822,-0.32248,-0.92279,0.32248,-0.21085,0.061302,0.26698,0.29818,0
-0.079079,0.38445,0.91975,0.38445,0.86303,-0.32769,-0.91975,0.32769,-0.21605,0.063274,0.27275,0.29506,0
-0.079023,0.39183,0.91664,0.39183,0.85771,-0.33287,-0.91664,0.33287,-0.22131,0.065293,0.27857,0.29196,0
-0.078901,0.39924,0.91344,0.39924,0.85226,-0.33802,-0.91344,0.33802,-0.22664,0.067358,0.28443,0.28887,0
-0.078713,0.40667,0.91018,0.40667,0.84669,-0.34313,-0.91018,0.34313,-0.23202,0.069471,0.29033,0.28581,0
-0.078457,0.41411,0.90684,0.41411,0.84098,-0.34821,-0.90684,0.34821,-0.23747,0.071632,0.29628,0.28276,0
-0.078133,0.42158,0.90342,0.42158,0.83515,-0.35326,-0.90342,0.35326,-0.24298,0.073841,0.30227,0.27973,0
-0.077739,0.42905,0.89993,0.42905,0.82919,-0.35827,-0.89993,0.35827,-0.24855,0.0761,0.3083,0.27673,0
-0.077274,0.43654,0.89636,0.43654,0.8231,-0.36323,-0.89636,0.36323,-0.25417,0.078407,0.31436,0.27375,0
-0.076737,0.44404,0.89272,0.44404,0.81688,-0.36815,-0.89272,0.36815,-0.25986,0.080766,0.32047,0.27079,0
-0.076128,0.45154,0.889,0.45154,0.81053,-0.37302,-0.889,0.37302,-0.26559,0.083175,0.32662,0.26785,0
-0.075444,0.45905,0.8852,0.45905,0.80405,-0.37785,-0.8852,0.37785,-0.27139,0.085635,0.33279,0.26494,0
-0.074685,0.46656,0.88133,0.46656,0.79745,-0.38262,-0.88133,0.38262,-0.27724,0.088146,0.33901,0.26205,0
-0.073851,0.47408,0.87738,0.47408,0.79071,-0.38734,-0.87738,0.38734,-0.28314,0.090711,0.34526,0.25919,0
-0.07294,0.48159,0.87336,0.48159,0.78384,-0.39201,-0.87336,0.39201,-0.2891,0.093327,0.35154,0.25636,0
-0.071952,0.48909,0.86926,0.48909,0.77684,-0.39661,-0.86926,0.39661,-0.29511,0.095997,0.35785,0.25356,0
-0.070886,0.49659,0.86508,0.49659,0.76972,-0.40116,-0.86508,0.40116,-0.30117,0.098721,0.36419,0.25078,0
-0.06974,0.50409,0.86083,0.50409,0.76246,-0.40564,-0.86083,0.40564,-0.30728,0.1015,0.37056,0.24804,0
-0.068515,0.51157,0.85651,0.51157,0.75508,-0.41006,-0.85651,0.41006,-0.31343,0.10433,0.37696,0.24532,0
-0.067209,0.51903,0.85211,0.51903,0.74757,-0.41442,-0.85211,0.41442,-0.31964,0.10722,0.38338,0.24264,0
-0.065823,0.52648,0.84763,0.52648,0.73994,-0.4187,-0.84763,0.4187,-0.32589,0.11016,0.38983,0.23998,0
-0.064355,0.53391,0.84309,0.53391,0.73217,-0.42292,-0.84309,0.42292,-0.33218,0.11316,0.3963,0.23736,0
-0.062805,0.54132,0.83847,0.54132,0.72429,-0.42706,-0.83847,0.42706,-0.33852,0.11621,0.4028,0.23477,0
-0.061172,0.54871,0.83377,0.54871,0.71627,-0.43113,-0.83377,0.43113,-0.3449,0.11932,0.40931,0.23222,0
-0.059456,0.55607,0.829,0.55607,0.70814,-0.43512,-0.829,0.43512,-0.35132,0.12249,0.41584,0.22969,0
-0.057656,0.56341,0.82417,0.56341,0.69988,-0.43903,-0.82417,0.43903,-0.35778,0.12571,0.42239,0.22721,0
-0.055773,0.57071,0.81926,0.57071,0.6915,-0.44286,-0.81926,0.44286,-0.36428,0.129,0.42896,0.22475,0
-0.053805,0.57798,0.81427,0.57798,0.68299,-0.44661,-0.81427,0.44661,-0.37081,0.13234,0.43554,0.22233,0
-0.051753,0.58522,0.80922,0.58522,0.67437,-0.45027,-0.80922,0.45027,-0.37738,0.13573,0.44214,0.21995,0
-0.049616,0.59242,0.8041,0.59242,0.66563,-0.45385,-0.8041,0.45385,-0.38398,0.13919,0.44875,0.2176,0
-0.047394,0.59957,0.79891,0.59957,0.65678,-0.45733,-0.79891,0.45733,-0.39062,0.1427,0.45536,0.21529,0
-0.045087,0.60669,0.79366,0.60669,0.64781,-0.46073,-0.79366,0.46073,-0.39728,0.14627,0.46199,0.21302,0
-0.042695,0.61376,0.78833,0.61376,0.63872,-0.46404,-0.78833,0.46404,-0.40398,0.1499,0.46863,0.21078,0
-0.040217,0.62079,0.78295,0.62079,0.62952,-0.46725,-0.78295,0.46725,-0.4107,0.15359,0.47527,0.20858,0
-0.037654,0.62777,0.77749,0.62777,0.62021,-0.47037,-0.77749,0.47037,-0.41744,0.15733,0.48191,0.20642,0
-0.035006,0.63469,0.77197,0.63469,0.61079,-0.47339,-0.77197,0.47339,-0.42421,0.16114,0.48856,0.2043,0
-0.032273,0.64156,0.76639,0.64156,0.60127,-0.47632,-0.76639,0.47632,-0.43101,0.165,0.49521,0.20221,0
-0.029454,0.64838,0.76075,0.64838,0.59163,-0.47914,-0.76075,0.47914,-0.43782,0.16893,0.50186,0.20016,0
-0.026551,0.65514,0.75504,0.65514,0.5819,-0.48186,-0.75504,0.48186,-0.44465,0.17291,0.5085,0.19816,0
-0.023562,0.66183,0.74928,0.66183,0.57206,-0.48448,-0.74928,0.48448,-0.4515,0.17695,0.51515,0.19618,0
-0.02049,0.66847,0.74346,0.66847,0.56212,-0.487,-0.74346,0.487,-0.45837,0.18105,0.52179,0.19425,0
-0.017333,0.67504,0.73758,0.67504,0.55209,-0.48941,-0.73758,0.48941,-0.46525,0.1852,0.52842,0.19236,0
-0.014092,0.68154,0.73164,0.68154,0.54195,-0.49172,-0.73164,0.49172,-0.47214,0.18942,0.53505,0.19051,0
-0.010768,0.68798,0.72565,0.68798,0.53173,-0.49391,-0.72565,0.49391,-0.47904,0.1937,0.54167,0.18869,0
-0.0073611,0.69434,0.71961,0.69434,0.52141,-0.496,-0.71961,0.496,-0.48595,0.19803,0.54827,0.18692,0
-0.0038716,0.70063,0.71351,0.70063,0.511,-0.49798,-0.71351,0.49798,-0.49287,0.20242,0.55487,0.18518,0
-0.00030019,0.70685,0.70736,0.70685,0.50051,-0.49985,-0.70736,0.49985,-0.49979,0.20687,0.56145,0.18348,0
0.0033526,0.71299,0.70116,0.71299,0.48993,-0.50161,-0.70116,0.50161,-0.50671,0.21137,0.56801,0.18182,0
0.007086,0.71905,0.69492,0.71905,0.47927,-0.50325,-0.69492,0.50325,-0.51364,0.21594,0.57456,0.1802,0
0.0109,0.72503,0.68863,0.72503,0.46853,-0.50478,-0.68863,0.50478,-0.52057,0.22056,0.58109,0.17862,0
0.014792,0.73093,0.68229,0.73093,0.45772,-0.5062,-0.68229,0.5062,-0.52749,0.22524,0.5876,0.17707,0
0.018764,0.73675,0.67591,0.73675,0.44682,-0.5075,-0.67591,0.5075,-0.53441,0.22997,0.59409,0.17557,0
0.022813,0.74248,0.66949,0.74248,0.43586,-0.50868,-0.66949,0.50868,-0.54133,0.23476,0.60056,0.1741,0
0.026939,0.74812,0.66302,0.74812,0.42483,-0.50975,-0.66302,0.50975,-0.54823,0.23961,0.607,0.17267,0
0.031141,0.75367,0.65652,0.75367,0.41373,-0.5107,-0.65652,0.5107,-0.55513,0.24451,0.61342,0.17128,0
0.035419,0.75913,0.64998,0.75913,0.40257,-0.51153,-0.64998,0.51153,-0.56201,0.24946,0.61981,0.16993,0
0.03977,0.76449,0.6434,0.76449,0.39134,-0.51225,-0.6434,0.51225,-0.56889,0.25447,0.62617,0.16861,0
0.044195,0.76977,0.63679,0.76977,0.38006,-0.51285,-0.63679,0.51285,-0.57574,0.25953,0.6325,0.16733,0
0.048691,0.77494,0.63015,0.77494,0.36872,-0.51333,-0.63015,0.51333,-0.58259,0.26465,0.6388,0.16609,0
0.053259,0.78003,0.62348,0.78003,0.35733,-0.51369,-0.62348,0.51369,-0.58941,0.26982,0.64507,0.16488,0
0.057897,0.78501,0.61678,0.78501,0.34589,-0.51393,-0.61678,0.51393,-0.59621,0.27504,0.65131,0.16371,0
0.062603,0.78989,0.61005,0.78989,0.33441,-0.51405,-0.61005,0.51405,-0.60299,0.28031,0.65751,0.16257,0
0.067377,0.79467,0.60329,0.79467,0.32288,-0.51405,-0.60329,0.51405,-0.60975,0.28563,0.66367,0.16147,0
0.072217,0.79935,0.59651,0.79935,0.31131,-0.51394,-0.59651,0.51394,-0.61648,0.29101,0.66979,0.16041,0
0.077122,0.80392,0.58971,0.80392,0.2997,-0.5137,-0.58971,0.5137,-0.62318,0.29643,0.67588,0.15938,0
0.082091,0.80839,0.58289,0.80839,0.28805,-0.51334,-0.58289,0.51334,-0.62986,0.3019,0.68192,0.15838,0
0.087122,0.81276,0.57605,0.81276,0.27638,-0.51287,-0.57605,0.51287,-0.6365,0.30742,0.68793,0.15741,0
0.092214,0.81702,0.56919,0.81702,0.26468,-0.51228,-0.56919,0.51228,-0.64311,0.31298,0.69389,0.15648,0
0.097366,0.82117,0.56232,0.82117,0.25295,-0.51157,-0.56232,0.51157,-0.64969,0.3186,0.6998,0.15558,0
0.10258,0.82521,0.55544,0.82521,0.2412,-0.51074,-0.55544,0.51074,-0.65623,0.32425,0.70567,0.15472,0
0.10784,0.82914,0.54854,0.82914,0.22942,-0.50979,-0.54854,0.50979,-0.66273,0.32995,0.7115,0.15388,0
0.11316,0.83296,0.54163,0.83296,0.21764,-0.50873,-0.54163,0.50873,-0.6692,0.3357,0.71727,0.15308,0
0.11854,0.83667,0.53472,0.83667,0.20584,-0.50755,-0.53472,0.50755,-0.67562,0.34149,0.723,0.1523,0
0.12397,0.84027,0.5278,0.84027,0.19403,-0.50626,-0.5278,0.50626,-0.68201,0.34732,0.72868,0.15156,0
0.12945,0.84376,0.52088,0.84376,0.18221,-0.50485,-0.52088,0.50485,-0.68834,0.35319,0.73431,0.15084,0
0.13497,0.84713,0.51395,0.84713,0.17039,-0.50332,-0.51395,0.50332,-0.69464,0.3591,0.73988,0.15015,0
0.14055,0.8504,0.50702,0.8504,0.15857,-0.50168,-0.50702,0.50168,-0.70089,0.36505,0.74541,0.14949,0
0.14617,0.85354,0.5001,0.85354,0.14675,-0.49993,-0.5001,0.49993,-0.70709,0.37104,0.75087,0.14886,0
0.15183,0.85658,0.49318,0.85658,0.13493,-0.49807,-0.49318,0.49807,-0.71323,0.37706,0.75629,0.14826,0
0.15754,0.85949,0.48626,0.85949,0.12313,-0.49609,-0.48626,0.49609,-0.71933,0.38312,0.76165,0.14768,0
0.16329,0.8623,0.47935,0.8623,0.11133,-0.49401,-0.47935,0.49401,-0.72538,0.38922,0.76695,0.14712,0
0.16908,0.86499,0.47245,0.86499,0.099551,-0.49182,-0.47245,0.49182,-0.73137,0.39535,0.7722,0.14659,0
0.1749,0.86756,0.46556,0.86756,0.087789,-0.48952,-0.46556,0.48952,-0.73731,0.40151,0.77738,0.14609,0
0.18076,0.87002,0.45868,0.87002,0.076047,-0.48711,-0.45868,0.48711,-0.74319,0.4077,0.78251,0.1456,0
0.18665,0.87237,0.45181,0.87237,0.064328,-0.4846,-0.45181,0.4846,-0.74902,0.41392,0.78758,0.14515,0
0.19258,0.8746,0.44496,0.8746,0.052636,-0.48198,-0.44496,0.48198,-0.75478,0.42017,0.79259,0.14471,0
0.19854,0.87671,0.43813,0.87671,0.040974,-0.47927,-0.43813,0.47927,-0.76049,0.42645,0.79754,0.14429,0
0.20452,0.87871,0.43132,0.87871,0.029344,-0.47645,-0.43132,0.47645,-0.76614,0.43276,0.80242,0.1439,0
0.21053,0.8806,0.42452,0.8806,0.017749,-0.47353,-0.42452,0.47353,-0.77172,0.43909,0.80725,0.14352,0
0.21657,0.88237,0.41775,0.88237,0.0061923,-0.47051,-0.41775,0.47051,-0.77724,0.44545,0.81201,0.14317,0
0.22263,0.88403,0.41101,0.88403,-0.0053236,-0.4674,-0.41101,0.4674,-0.7827,0.45183,0.8167,0.14283,0
0.22871,0.88558,0.40428,0.88558,-0.016796,-0.46419,-0.40428,0.46419,-0.78809,0.45823,0.82134,0.14251,0
0.23481,0.88701,0.39759,0.88701,-0.028222,-0.46089,-0.39759,0.46089,-0.79341,0.46465,0.82591,0.14221,0
0.24093,0.88833,0.39093,0.88833,-0.039598,-0.45749,-0.39093,0.45749,-0.79867,0.47109,0.83041,0.14192,0
0.24706,0.88954,0.38429,0.88954,-0.050923,-0.45401,-0.38429,0.45401,-0.80386,0.47754,0.83485,0.14166,0
0.25321,0.89064,0.37769,0.89064,-0.062193,-0.45044,-0.37769,0.45044,-0.80899,0.48402,0.83922,0.1414,0
0.25937,0.89163,0.37112,0.89163,-0.073407,-0.44678,-0.37112,0.44678,-0.81404,0.49051,0.84353,0.14116,0
0.26554,0.89251,0.36458,0.89251,-0.08456,-0.44304,-0.36458,0.44304,-0.81902,0.49701,0.84777,0.14094,0
0.27172,0.89328,0.35808,0.89328,-0.095652,-0.43921,-0.35808,0.43921,-0.82394,0.50352,0.85195,0.14073,0
0.2779,0.89394,0.35162,0.89394,-0.10668,-0.4353,-0.35162,0.4353,-0.82878,0.51005,0.85605,0.14053,0
0.28409,0.8945,0.3452,0.8945,-0.11764,-0.43132,-0.3452,0.43132,-0.83355,0.51658,0.86009,0.14034,0
0.29029,0.89495,0.33882,0.89495,-0.12853,-0.42726,-0.33882,0.42726,-0.83824,0.52313,0.86407,0.14016,0
0.29648,0.8953,0.33248,0.8953,-0.13935,-0.42312,-0.33248,0.42312,-0.84287,0.52968,0.86797,0.14,0
0.30268,0.89554,0.32619,0.89554,-0.15009,-0.41891,-0.32619,0.41891,-0.84742,0.53623,0.87181,0.13984,0
0.30887,0.89568,0.31994,0.89568,-0.16076,-0.41463,-0.31994,0.41463,-0.85189,0.54279,0.87558,0.1397,0
0.31506,0.89572,0.31373,0.89572,-0.17135,-0.41028,-0.31373,0.41028,-0.8563,0.54936,0.87929,0.13956,0
0.32124,0.89566,0.30757,0.89566,-0.18187,-0.40586,-0.30757,0.40586,-0.86062,0.55592,0.88292,0.13943,0
0.32742,0.8955,0.30147,0.8955,-0.19229,-0.40138,-0.30147,0.40138,-0.86488,0.56249,0.88649,0.13931,0
0.33358,0.89524,0.29541,0.89524,-0.20264,-0.39684,-0.29541,0.39684,-0.86905,0.56905,0.88999,0.1392,0
0.33974,0.89489,0.2894,0.89489,-0.21289,-0.39223,-0.2894,0.39223,-0.87316,0.57561,0.89343,0.13909,0
0.34588,0.89444,0.28344,0.89444,-0.22306,-0.38757,-0.28344,0.38757,-0.87718,0.58216,0.89679,0.13899,0
0.35201,0.8939,0.27753,0.8939,-0.23314,-0.38286,-0.27753,0.38286,-0.88113,0.58871,0.90009,0.1389,0
0.35812,0.89327,0.27168,0.89327,-0.24313,-0.37809,-0.27168,0.37809,-0.88501,0.59526,0.90332,0.13881,0
0.36422,0.89255,0.26588,0.89255,-0.25302,-0.37327,-0.26588,0.37327,-0.88881,0.60179,0.90649,0.13872,0
0.37029,0.89174,0.26014,0.89174,-0.26282,-0.3684,-0.26014,0.3684,-0.89253,0.60831,0.90959,0.13864,0
0.37635,0.89085,0.25446,0.89085,-0.27252,-0.36348,-0.25446,0.36348,-0.89618,0.61482,0.91262,0.13856,0
0.38238,0.88987,0.24883,0.88987,-0.28213,-0.35852,-0.24883,0.35852,-0.89975,0.62132,0.91559,0.13848,0
0.38839,0.88881,0.24326,0.88881,-0.29163,-0.35352,-0.24326,0.35352,-0.90324,0.62781,0.91849,0.1384,0
0.39437,0.88766,0.23776,0.88766,-0.30104,-0.34848,-0.23776,0.34848,-0.90666,0.63428,0.92133,0.13833,0
0.40033,0.88644,0.23231,0.88644,-0.31034,-0.3434,-0.23231,0.3434,-0.91001,0.64073,0.9241,0.13826,0
0.40626,0.88513,0.22692,0.88513,-0.31953,-0.33828,-0.22692,0.33828,-0.91328,0.64716,0.9268,0.13819,0
0.41216,0.88376,0.22159,0.88376,-0.32863,-0.33314,-0.22159,0.33314,-0.91647,0.65358,0.92945,0.13812,0
0.41802,0.8823,0.21633,0.8823,-0.33761,-0.32796,-0.21633,0.32796,-0.91959,0.65997,0.93203,0.13805,0
0.42386,0.88078,0.21112,0.88078,-0.34649,-0.32276,-0.21112,0.32276,-0.92263,0.66634,0.93454,0.13798,0
0.42966,0.87918,0.20599,0.87918,-0.35526,-0.31753,-0.20599,0.31753,-0.92561,0.67268,0.937,0.13791,0
0.43542,0.87752,0.20091,0.87752,-0.36392,-0.31227,-0.20091,0.31227,-0.9285,0.679,0.93939,0.13784,0
0.44115,0.87579,0.1959,0.87579,-0.37247,-0.307,-0.1959,0.307,-0.93133,0.6853,0.94172,0.13776,0
0.44683,0.874,0.19096,0.874,-0.38092,-0.30171,-0.19096,0.30171,-0.93408,0.69156,0.94399,0.13769,0
0.45248,0.87214,0.18608,0.87214,-0.38924,-0.2964,-0.18608,0.2964,-0.93676,0.6978,0.9462,0.13761,0
0.45809,0.87023,0.18126,0.87023,-0.39746,-0.29108,-0.18126,0.29108,-0.93937,0.704,0.94834,0.13753,0
0.46366,0.86825,0.17651,0.86825,-0.40557,-0.28575,-0.17651,0.28575,-0.94191,0.71017,0.95043,0.13745,0
0.46918,0.86622,0.17183,0.86622,-0.41356,-0.28041,-0.17183,0.28041,-0.94438,0.71631,0.95247,0.13737,0
0.47466,0.86414,0.16722,0.86414,-0.42143,-0.27506,-0.16722,0.27506,-0.94677,0.72242,0.95444,0.13728,0
0.48009,0.862,0.16267,0.862,-0.42919,-0.26971,-0.16267,0.26971,-0.9491,0.72848,0.95636,0.13719,0
0.48548,0.85982,0.15819,0.85982,-0.43684,-0.26435,-0.15819,0.26435,-0.95136,0.73451,0.95822,0.1371,0
0.49081,0.85759,0.15378,0.85759,-0.44437,-0.259,-0.15378,0.259,-0.95356,0.7405,0.96002,0.137,0
0.4961,0.85531,0.14944,0.85531,-0.45179,-0.25365,-0.14944,0.25365,-0.95568,0.74645,0.96178,0.1369,0
0.50134,0.85299,0.14516,0.85299,-0.45908,-0.2483,-0.14516,0.2483,-0.95774,0.75236,0.96347,0.13679,0
0.50653,0.85062,0.14095,0.85062,-0.46627,-0.24296,-0.14095,0.24296,-0.95974,0.75823,0.96512,0.13668,0
0.51166,0.84822,0.13681,0.84822,-0.47333,-0.23763,-0.13681,0.23763,-0.96167,0.76405,0.96671,0.13657,0
0.51674,0.84579,0.13274,0.84579,-0.48028,-0.23232,-0.13274,0.23232,-0.96354,0.76983,0.96825,0.13645,0
0.52177,0.84332,0.12873,0.84332,-0.48712,-0.22701,-0.12873,0.22701,-0.96535,0.77556,0.96974,0.13633,0
0.52675,0.84081,0.1248,0.84081,-0.49384,-0.22173,-0.1248,0.22173,-0.96709,0.78124,0.97118,0.1362,0
0.53166,0.83828,0.12093,0.83828,-0.50044,-0.21646,-0.12093,0.21646,-0.96877,0.78688,0.97257,0.13607,0
0.53652,0.83572,0.11713,0.83572,-0.50692,-0.21121,-0.11713,0.21121,-0.9704,0.79246,0.97391,0.13593,0
0.54133,0.83313,0.1134,0.83313,-0.51329,-0.20598,-0.1134,0.20598,-0.97196,0.798,0.9752,0.13579,0
0.54607,0.83052,0.10974,0.83052,-0.51954,-0.20078,-0.10974,0.20078,-0.97347,0.80348,0.97645,0.13565,0
0.55076,0.82789,0.10614,0.82789,-0.52568,-0.19561,-0.10614,0.19561,-0.97492,0.8089,0.97766,0.1355,0
0.55538,0.82524,0.10262,0.82524,-0.5317,-0.19046,-0.10262,0.19046,-0.97632,0.81428,0.97881,0.13535,0
0.55995,0.82257,0.099155,0.82257,-0.53761,-0.18535,-0.099155,0.18535,-0.97766,0.81959,0.97993,0.13519,0
0.56445,0.81989,0.095762,0.81989,-0.5434,-0.18027,-0.095762,0.18027,-0.97895,0.82485,0.981,0.13502,0
0.56889,0.8172,0.092436,0.8172,-0.54907,-0.17522,-0.092436,0.17522,-0.98018,0.83005,0.98203,0.13486,0
0.57327,0.8145,0.089177,0.8145,-0.55464,-0.17021,-0.089177,0.17021,-0.98136,0.83519,0.98302,0.13468,0
0.57759,0.81179,0.085984,0.81179,-0.56009,-0.16524,-0.085984,0.16524,-0.9825,0.84028,0.98397,0.13451,0
0.58184,0.80907,0.082857,0.80907,-0.56542,-0.16032,-0.082857,0.16032,-0.98358,0.8453,0.98488,0.13433,0
0.58603,0.80635,0.079796,0.80635,-0.57065,-0.15543,-0.079796,0.15543,-0.98462,0.85025,0.98575,0.13414,0
0.59015,0.80363,0.076801,0.80363,-0.57576,-0.15059,-0.076801,0.15059,-0.98561,0.85515,0.98659,0.13396,0
0.59421,0.80091,0.073871,0.80091,-0.58076,-0.1458,-0.073871,0.1458,-0.98655,0.85998,0.98738,0.13376,0
0.5982,0.79819,0.071005,0.79819,-0.58565,-0.14106,-0.071005,0.14106,-0.98745,0.86474,0.98815,0.13357,0
0.60213,0.79548,0.068204,0.79548,-0.59044,-0.13636,-0.068204,0.13636,-0.98831,0.86944,0.98888,0.13337,0
0.60598,0.79278,0.065467,0.79278,-0.59511,-0.13172,-0.065467,0.13172,-0.98912,0.87407,0.98957,0.13317,0
0.60977,0.79008,0.062793,0.79008,-0.59967,-0.12714,-0.062793,0.12714,-0.9899,0.87863,0.99023,0.13296,0
0.6135,0.7874,0.060183,0.7874,-0.60413,-0.12261,-0.060183,0.12261,-0.99063,0.88312,0.99087,0.13276,0
0.61715,0.78473,0.057635,0.78473,-0.60848,-0.11813,-0.057635,0.11813,-0.99132,0.88754,0.99147,0.13255,0
0.62074,0.78208,0.055149,0.78208,-0.61272,-0.11372,-0.055149,0.11372,-0.99198,0.89189,0.99204,0.13234,0
0.62425,0.77944,0.052725,0.77944,-0.61686,-0.10937,-0.052725,0.10937,-0.9926,0.89617,0.99258,0.13212,0
0.6277,0.77682,0.050362,0.77682,-0.62089,-0.10508,-0.050362,0.10508,-0.99319,0.90037,0.99309,0.13191,0
0.63108,0.77423,0.04806,0.77423,-0.62482,-0.10086,-0.04806,0.10086,-0.99374,0.9045,0.99358,0.13169,0
0.63439,0.77166,0.045819,0.77166,-0.62864,-0.096704,-0.045819,0.096704,-0.99426,0.90856,0.99404,0.13147,0
0.63762,0.76911,0.043637,0.76911,-0.63237,-0.092615,-0.043637,0.092615,-0.99475,0.91253,0.99448,0.13125,0
0.64079,0.76659,0.041515,0.76659,-0.63599,-0.088596,-0.041515,0.088596,-0.9952,0.91643,0.99489,0.13103,0
0.64388,0.76411,0.039451,0.76411,-0.63951,-0.084648,-0.039451,0.084648,-0.99563,0.92026,0.99528,0.13081,0
0.64691,0.76165,0.037446,0.76165,-0.64293,-0.080773,-0.037446,0.080773,-0.99603,0.924,0.99564,0.13059,0
0.64986,0.75923,0.035498,0.75923,-0.64626,-0.076972,-0.035498,0.076972,-0.9964,0.92767,0.99599,0.13036,0
0.65274,0.75684,0.033608,0.75684,-0.64949,-0.073246,-0.033608,0.073246,-0.99675,0.93125,0.99631,0.13014,0
0.65555,0.75449,0.031774,0.75449,-0.65261,-0.069598,-0.031774,0.069598,-0.99707,0.93475,0.99661,0.12992,0
0.65828,0.75217,0.029997,0.75217,-0.65565,-0.066028,-0.029997,0.066028,-0.99737,0.93817,0.9969,0.1297,0
0.66094,0.7499,0.028276,0.7499,-0.65859,-0.062539,-0.028276,0.062539,-0.99764,0.94151,0.99716,0.12949,0
0.66353,0.74767,0.02661,0.74767,-0.66143,-0.059131,-0.02661,0.059131,-0.9979,0.94476,0.99741,0.12927,0
0.66605,0.74549,0.024999,0.74549,-0.66418,-0.055805,-0.024999,0.055805,-0.99813,0.94793,0.99764,0.12906,0
0.6685,0.74335,0.023442,0.74335,-0.66684,-0.052564,-0.023442,0.052564,-0.99834,0.95101,0.99786,0.12884,0
0.67087,0.74125,0.021939,0.74125,-0.6694,-0.049409,-0.021939,0.049409,-0.99854,0.95401,0.99806,0.12863,0
0.67316,0.73921,0.020489,0.73921,-0.67188,-0.04634,-0.020489,0.04634,-0.99872,0.95692,0.99825,0.12843,0
0.67538,0.73722,0.019092,0.73722,-0.67426,-0.04336,-0.019092,0.04336,-0.99888,0.95974,0.99842,0.12822,0
0.67753,0.73528,0.017748,0.73528,-0.67656,-0.040469,-0.017748,0.040469,-0.99902,0.96248,0.99858,0.12802,0
0.67961,0.73339,0.016456,0.73339,-0.67876,-0.037668,-0.016456,0.037668,-0.99915,0.96512,0.99872,0.12783,0
0.68161,0.73156,0.015216,0.73156,-0.68088,-0.03496,-0.015216,0.03496,-0.99927,0.96767,0.99886,0.12764,0
0.68353,0.72979,0.014026,0.72979,-0.68291,-0.032345,-0.014026,0.032345,-0.99938,0.97013,0.99898,0.12745,0
0.68538,0.72807,0.012888,0.72807,-0.68485,-0.029824,-0.012888,0.029824,-0.99947,0.9725,0.9991,0.12727,0
0.68715,0.72642,0.0118,0.72642,-0.68671,-0.027399,-0.0118,0.027399,-0.99955,0.97478,0.9992,0.12709,0
0.68885,0.72482,0.010762,0.72482,-0.68848,-0.02507,-0.010762,0.02507,-0.99963,0.97697,0.9993,0.12692,0
0.69047,0.72329,0.009774,0.72329,-0.69017,-0.02284,-0.009774,0.02284,-0.99969,0.97906,0.99938,0.12675,0
0.69202,0.72182,0.0088354,0.72182,-0.69177,-0.020708,-0.0088354,0.020708,-0.99975,0.98105,0.99946,0.12659,0
0.69349,0.72042,0.007946,0.72042,-0.69329,-0.018676,-0.007946,0.018676,-0.99979,0.98295,0.99953,0.12643,0
0.69489,0.71908,0.0071055,0.71908,-0.69472,-0.016746,-0.0071055,0.016746,-0.99983,0.98476,0.9996,0.12629,0
0.6962,0.71782,0.0063136,0.71782,-0.69607,-0.014918,-0.0063136,0.014918,-0.99987,0.98646,0.99965,0.12614,0
0.69744,0.71662,0.0055702,0.71662,-0.69734,-0.013193,-0.0055702,0.013193,-0.9999,0.98807,0.9997,0.12601,0
0.69861,0.71549,0.004875,0.71549,-0.69853,-0.011573,-0.004875,0.011573,-0.99992,0.98958,0.99975,0.12588,0
0.69969,0.71443,0.0042278,0.71443,-0.69963,-0.010058,-0.0042278,0.010058,-0.99994,0.99099,0.99979,0.12576,0
0.7007,0.71345,0.0036285,0.71345,-0.70066,-0.0086493,-0.0036285,0.0086493,-0.99996,0.99231,0.99983,0.12565,0
0.70163,0.71254,0.003077,0.71254,-0.7016,-0.0073481,-0.003077,0.0073481,-0.99997,0.99352,0.99986,0.12555,0
0.70248,0.7117,0.0025732,0.7117,-0.70246,-0.0061553,-0.0025732,0.0061553,-0.99998,0.99463,0.99989,0.12545,0
0.70325,0.71094,0.002117,0.71094,-0.70324,-0.0050718,-0.002117,0.0050718,-0.99998,0.99563,0.99991,0.12536,0
0.70394,0.71025,0.0017084,0.71025,-0.70393,-0.0040986,-0.0017084,0.0040986,-0.99999,0.99654,0.99994,0.12528,0
0.70456,0.70965,0.0013475,0.70965,-0.70455,-0.0032366,-0.0013475,0.0032366,-0.99999,0.99734,0.99995,0.12521,0
0.70509,0.70912,0.0010342,0.70912,-0.70508,-0.0024867,-0.0010342,0.0024867,-1,0.99803,0.99997,0.12515,0
0.70554,0.70867,0.00076862,0.70867,-0.70554,-0.0018498,-0.00076862,0.0018498,-1,0.99862,0.99998,0.1251,0
0.70591,0.7083,0.00055092,0.7083,-0.70591,-0.0013269,-0.00055092,0.0013269,-1,0.99911,0.99999,0.12506,0
0.7062,0.70801,0.00038121,0.70801,-0.7062,-0.00091865,-0.00038121,0.00091865,-1,0.99949,1,0.12502,0
0.70641,0.70781,0.00025968,0.70781,-0.70641,-0.00062605,-0.00025968,0.00062605,-1,0.99976,1,0.125,0
0.70653,0.70768,0.00018657,0.70768,-0.70653,-0.0004499,-0.00018657,0.0004499,-1,0.99992,1,0.12499,0
0.70657,0.70764,0.00016213,0.70764,-0.70657,-0.000391,-0.00016213,0.000391,-1,0.99998,1,0.12498,0
0.707,0.707,0,0.707,-0.707,0,0,0,-1,1,1,0.125,0
0.707,0.707,0,0.707,-0.707,0,0,0,-1,1,1,0.125,0
0.707,0.707,0,0.707,-0.707,0,0,0,-1,1,1,0.12499,0
0.707,0.707,0,0.707,-0.707,0,0,0,-1,1,1,0.12497,0
0.707,0.707,0,0.707,-0.707,0,0,0,-1,1,1,0.12495,0
0.707,0.707,0,0.707,-0.707,0,0,0,-1,1,1,0.12492,0
0.707,0.707,0,0.707,-0.707,0,0,0,-1,1,1,0.12488,0
0.707,0.707,0,0.707,-0.707,0,0,0,-1,1,1,0.12484,0
0.707,0.707,0,0.707,-0.707,0,0,0,-1,1,1,0.12479,0
0.707,0.707,0,0.707,-0.707,0,0,0,-1,1,1,0.12473,0
0.707,0.707,0,0.707,-0.707,0,0,0,-1,1,1,0.12467,0
0.707,0.707,0,0.707,-0.707,0,0,0,-1,1,1,0.1246,0
0.707,0.707,0,0.707,-0.707,0,0,0,-1,1,1,0.12453,0
0.707,0.707,0,0.707,-0.707,0,0,0,-1,1,1,0.12445,0
0.707,0.707,0,0.707,-0.707,0,0,0,-1,1,1,0.12436,0
0.707,0.707,0,0.707,-0.707,0,0,0,-1,1,1,0.12427,0
0.707,0.707,0,0.707,-0.707,0,0,0,-1,1,1,0.12417,0
0.707,0.707,0,0.707,-0.707,0,0,0,-1,1,1,0.12407,0
0.707,0.707,0,0.707,-0.707,0,0,0,-1,1,1,0.12396,0
0.707,0.707,0,0.707,-0.707,0,0,0,-1,1,1,0.12384,0
0.707,0.707,0,0.707,-0.707,0,0,0,-1,1,1,0.12372,0
0.707,0.707,0,0.707,-0.707,0,0,0,-1,1,1,0.12359,0
0.707,0.707,0,0.707,-0.707,0,0,0,-1,1,1,0.12346,0
0.707,0.707,0,0.707,-0.707,0,0,0,-1,1,1,0.12332,0
0.707,0.707,0,0.707,-0.707,0,0,0,-1,1,1,0.12317,0
0.707,0.707,0,0.707,-0.707,0,0,0,-1,1,1,0.12302,0
0.707,0.707,0,0.707,-0.707,0,0,0,-1,1,1,0.12286,0
0.707,0.707,0,0.707,-0.707,0,0,0,-1,1,1,0.1227,0
0.707,0.707,0,0.707,-0.707,0,0,0,-1,1,1,0.12253,0
0.707,0.707,0,0.707,-0.707,0,0,0,-1,1,1,0.12236,0
0.707,0.707,0,0.707,-0.707,0,0,0,-1,1,1,0.12218,0
0.707,0.707,0,0.707,-0.707,0,0,0,-1,1,1,0.122,0
0.707,0.707,0,0.707,-0.707,0,0,0,-1,1,1,0.12181,0
0.707,0.707,0,0.707,-0.707,0,0,0,-1,1,1,0.12161,0
0.707,0.707,0,0.707,-0.707,0,0,0,-1,1,1,0.12141,0
0.707,0.707,0,0.707,-0.707,0,0,0,-1,1,1,0.12121,0
0.707,0.707,0,0.707,-0.707,0,0,0,-1,1,1,0.121,0
0.707,0.707,0,0.707,-0.707,0,0,0,-1,1,1,0.12079,0
0.707,0.707,0,0.707,-0.707,0,0,0,-1,1,1,0.12056,0
0.707,0.707,0,0.707,-0.707,0,0,0,-1,1,1,0.12034,0
0.707,0.707,0,0.707,-0.707,0,0,0,-1,1,1,0.12011,0
0.707,0.707,0,0.707,-0.707,0,0,0,-1,1,1,0.11987,0
0.707,0.707,0,0.707,-0.707,0,0,0,-1,1,1,0.11963,0
0.707,0.707,0,0.707,-0.707,0,0,0,-1,1,1,0.11939,0
0.707,0.707,0,0.707,-0.707,0,0,0,-1,1,1,0.11914,0
0.707,0.707,0,0.707,-0.707,0,0,0,-1,1,1,0.11889,0
0.707,0.707,0,0.707,-0.707,0,0,0,-1,1,1,0.11863,0
0.707,0.707,0,0.707,-0.707,0,0,0,-1,1,1,0.11836,0
0.707,0.707,0,0.707,-0.707,0,0,0,-1,1,1,0.1181,0
0.707,0.707,0,0.707,-0.707,0,0,0,-1,1,1,0.11782,0
0.707,0.707,0,0.707,-0.707,0,0,0,-1,1,1,0.11755,0
0.707,0.707,0,0.707,-0.707,0,0,0,-1,1,1,0.11726,0
0.707,0.707,0,0.707,-0.707,0,0,0,-1,1,1,0.11698,0
0.707,0.707,0,0.707,-0.707,0,0,0,-1,1,1,0.11669,0
0.707,0.707,0,0.707,-0.707,0,0,0,-1,1,1,0.11639,0
0.707,0.707,0,0.707,-0.707,0,0,0,-1,1,1,0.11609,0
0.707,0.707,0,0.707,-0.707,0,0,0,-1,1,1,0.11579,0
0.707,0.707,0,0.707,-0.707,0,0,0,-1,1,1,0.11548,0
0.707,0.707,0,0.707,-0.707,0,0,0,-1,1,1,0.11517,0
0.707,0.707,0,0.707,-0.707,0,0,0,-1,1,1,0.11486,0
0.707,0.707,0,0.707,-0.707,0,0,0,-1,1,1,0.11454,0
0.707,0.707,0,0.707,-0.707,0,0,0,-1,1,1,0.11421,0
0.707,0.707,0,0.707,-0.707,0,0,0,-1,1,1,0.11388,0
0.707,0.707,0,0.707,-0.707,0,0,0,-1,1,1,0.11355,0
0.707,0.707,0,0.707,-0.707,0,0,0,-1,1,1,0.11322,0
0.707,0.707,0,0.707,-0.707,0,0,0,-1,1,1,0.11288,0
0.707,0.707,0,0.707,-0.707,0,0,0,-1,1,1,0.11253,0
0.707,0.707,0,0.707,-0.707,0,0,0,-1,1,1,0.11219,0
0.707,0.707,0,0.707,-0.707,0,0,0,-1,1,1,0.11184,0
0.707,0.707,0,0.707,-0.707,0,0,0,-1,1,1,0.11148,0
0.707,0.707,0,0.707,-0.707,0,0,0,-1,1,1,0.11112,0
0.707,0.707,0,0.707,-0.707,0,0,0,-1,1,1,0.11076,0
0.707,0.707,0,0.707,-0.707,0,0,0,-1,1,1,0.1104,0
0.707,0.707,0,0.707,-0.707,0,0,0,-1,1,1,0.11003,0
0.707,0.707,0,0.707,-0.707,0,0,0,-1,1,1,0.10966,0
0.707,0.707,0,0.707,-0.707,0,0,0,-1,1,1,0.10928,0
0.707,0.707,0,0.707,-0.707,0,0,0,-1,1,1,0.1089,0
0.707,0.707,0,0.707,-0.707,0,0,0,-1,1,1,0.10852,0
0.707,0.707,0,0.707,-0.707,0,0,0,-1,1,1,0.10813,0
0.707,0.707,0,0.707,-0.707,0,0,0,-1,1,1,0.10775,0
0.707,0.707,0,0.707,-0.707,0,0,0,-1,1,1,0.10735,0
0.707,0.707,0,0.707,-0.707,0,0,0,-1,1,1,0.10696,0
0.707,0.707,0,0.707,-0.707,0,0,0,-1,1,1,0.10656,0
0.707,0.707,0,0.707,-0.707,0,0,0,-1,1,1,0.10616,0
0.707,0.707,0,0.707,-0.707,0,0,0,-1,1,1,0.10576,0
0.707,0.707,0,0.707,-0.707,0,0,0,-1,1,1,0.10535,0
0.707,0.707,0,0.707,-0.707,0,0,0,-1,1,1,0.10494,0
0.707,0.707,0,0.707,-0.707,0,0,0,-1,1,1,0.10453,0
0.707,0.707,0,0.707,-0.707,0,0,0,-1,1,1,0.10411,0
0.707,0.707,0,0.707,-0.707,0,0,0,-1,1,1,0.10369,0
0.707,0.707,0,0.707,-0.707,0,0,0,-1,1,1,0.10327,0
0.707,0.707,0,0.707,-0.707,0,0,0,-1,1,1,0.10285,0
0.707,0.707,0,0.707,-0.707,0,0,0,-1,1,1,0.10242,0
0.707,0.707,0,0.707,-0.707,0,0,0,-1,1,1,0.102,0
0.707,0.707,0,0.707,-0.707,0,0,0,-1,1,1,0.10156,0
0.707,0.707,0,0.707,-0.707,0,0,0,-1,1,1,0.10113,0
0.707,0.707,0,0.707,-0.707,0,0,0,-1,1,1,0.10069,0
0.707,0.707,0,0.707,-0.707,0,0,0,-1,1,1,0.10026,0
0.707,0.707,0,0.707,-0.707,0,0,0,-1,1,1,0.099814,0
0.707,0.707,0,0.707,-0.707,0,0,0,-1,1,1,0.099371,0
0.707,0.707,0,0.707,-0.707,0,0,0,-1,1,1,0.098925,0
0.707,0.707,0,0.707,-0.707,0,0,0,-1,1,1,0.098478,0
0.707,0.707,0,0.707,-0.707,0,0,0,-1,1,1,0.098028,0
0.707,0.707,0,0.707,-0.707,0,0,0,-1,1,1,0.097575,0
0.707,0.707,0,0.707,-0.707,0,0,0,-1,1,1,0.097121,0
0.707,0.707,0,0.707,-0.707,0,0,0,-1,1,1,0.096665,0
0.707,0.707,0,0.707,-0.707,0,0,0,-1,1,1,0.096207,0
0.707,0.707,0,0.707,-0.707,0,0,0,-1,1,1,0.095747,0
0.707,0.707,0,0.707,-0.707,0,0,0,-1,1,1,0.095285,0
0.707,0.707,0,0.707,-0.707,0,0,0,-1,1,1,0.094821,0
0.707,0.707,0,0.707,-0.707,0,0,0,-1,1,1,0.094355,0
0.707,0.707,0,0.707,-0.707,0,0,0,-1,1,1,0.093887,0
0.707,0.707,0,0.707,-0.707,0,0,0,-1,1,1,0.093418,0
0.707,0.707,0,0.707,-0.707,0,0,0,-1,1,1,0.092947,0
0.707,0.707,0,0.707,-0.707,0,0,0,-1,1,1,0.092475,0
0.707,0.707,0,0.707,-0.707,0,0,0,-1,1,1,0.092,0
0.707,0.707,0,0.707,-0.707,0,0,0,-1,1,1,0.091525,0
0.707,0.707,0,0.707,-0.707,0,0,0,-1,1,1,0.091048,0
0.707,0.707,0,0.707,-0.707,0,0,0,-1,1,1,0.090569,0
0.707,0.707,0,0.707,-0.707,0,0,0,-1,1,1,0.090089,0
0.707,0.707,0,0.707,-0.707,0,0,0,-1,1,1,0.089607,0
0.707,0.707,0,0.707,-0.707,0,0,0,-1,1,1,0.089124,0
0.707,0.707,0,0.707,-0.707,0,0,0,-1,1,1,0.08864,0
0.707,0.707,0,0.707,-0.707,0,0,0,-1,1,1,0.088155,0
0.707,0.707,0,0.707,-0.707,0,0,0,-1,1,1,0.087669,0
0.707,0.707,0,0.707,-0.707,0,0,0,-1,1,1,0.087181,0
0.707,0.707,0,0.707,-0.707,0,0,0,-1,1,1,0.086692,0
0.707,0.707,0,0.707,-0.707,0,0,0,-1,1,1,0.086202,0
0.707,0.707,0,0.707,-0.707,0,0,0,-1,1,1,0.085712,0
0.707,0.707,0,0.707,-0.707,0,0,0,-1,1,1,0.08522,0
0.707,0.707,0,0.707,-0.707,0,0,0,-1,1,1,0.084727,0
0.707,0.707,0,0.707,-0.707,0,0,0,-1,1,1,0.084234,0
0.707,0.707,0,0.707,-0.707,0,0,0,-1,1,1,0.083739,0
0.707,0.707,0,0.707,-0.707,0,0,0,-1,1,1,0.083244,0
0.707,0.707,0,0.707,-0.707,0,0,0,-1,1,1,0.082748,0
0.707,0.707,0,0.707,-0.707,0,0,0,-1,1,1,0.082251,0
0.707,0.707,0,0.707,-0.707,0,0,0,-1,1,1,0.081754,0
0.707,0.707,0,0.707,-0.707,0,0,0,-1,1,1,0.081256,0
0.707,0.707,0,0.707,-0.707,0,0,0,-1,1,1,0.080758,0
0.707,0.707,0,0.707,-0.707,0,0,0,-1,1,1,0.080259,0
0.707,0.707,0,0.707,-0.707,0,0,0,-1,1,1,0.079759,0
0.707,0.707,0,0.707,-0.707,0,0,0,-1,1,1,0.07926,0
0.707,0.707,0,0.707,-0.707,0,0,0,-1,1,1,0.078759,0
0.707,0.707,0,0.707,-0.707,0,0,0,-1,1,1,0.078259,0
0.707,0.707,0,0.707,-0.707,0,0,0,-1,1,1,0.077758,0
0.707,0.707,0,0.707,-0.707,0,0,0,-1,1,1,0.077257,0
0.707,0.707,0,0.707,-0.707,0,0,0,-1,1,1,0.076756,0
0.707,0.707,0,0.707,-0.707,0,0,0,-1,1,1,0.076254,0
0.707,0.707,0,0.707,-0.707,0,0,0,-1,1,1,0.075752,0
0.707,0.707,0,0.707,-0.707,0,0,0,-1,1,1,0.075251,0
0.707,0.707,0,0.707,-0.707,0,0,0,-1,1,1,0.074749,0
0.707,0.707,0,0.707,-0.707,0,0,0,-1,1,1,0.074248,0
0.707,0.707,0,0.707,-0.707,0,0,0,-1,1,1,0.073746,0
0.707,0.707,0,0.707,-0.707,0,0,0,-1,1,1,0.073244,0
0.707,0.707,0,0.707,-0.707,0,0,0,-1,1,1,0.072743,0
0.707,0.707,0,0.707,-0.707,0,0,0,-1,1,1,0.072242,0
0.707,0.707,0,0.707,-0.707,0,0,0,-1,1,1,0.071741,0
0.707,0.707,0,0.707,-0.707,0,0,0,-1,1,1,0.071241,0
0.707,0.707,0,0.707,-0.707,0,0,0,-1,1,1,0.07074,0
0.707,0.707,0,0.707,-0.707,0,0,0,-1,1,1,0.070241,0
0.707,0.707,0,0.707,-0.707,0,0,0,-1,1,1,0.069741,0
0.707,0.707,0,0.707,-0.707,0,0,0,-1,1,1,0.069242,0
0.707,0.707,0,0.707,-0.707,0,0,0,-1,1,1,0.068744,0
0.707,0.707,0,0.707,-0.707,0,0,0,-1,1,1,0.068246,0
0.707,0.707,0,0.707,-0.707,0,0,0,-1,1,1,0.067749,0
0.707,0.707,0,0.707,-0.707,0,0,0,-1,1,1,0.067252,0
0.707,0.707,0,0.707,-0.707,0,0,0,-1,1,1,0.066756,0
0.707,0.707,0,0.707,-0.707,0,0,0,-1,1,1,0.066261,0
0.707,0.707,0,0.707,-0.707,0,0,0,-1,1,1,0.065766,0
0.707,0.707,0,0.707,-0.707,0,0,0,-1,1,1,0.065273,0
0.707,0.707,0,0.707,-0.707,0,0,0,-1,1,1,0.06478,0
0.707,0.707,0,0.707,-0.707,0,0,0,-1,1,1,0.064288,0
0.707,0.707,0,0.707,-0.707,0,0,0,-1,1,1,0.063798,0
0.707,0.707,0,0.707,-0.707,0,0,0,-1,1,1,0.063308,0
0.707,0.707,0,0.707,-0.707,0,0,0,-1,1,1,0.062819,0
0.707,0.707,0,0.707,-0.707,0,0,0,-1,1,1,0.062331,0
0.707,0.707,0,0.707,-0.707,0,0,0,-1,1,1,0.061845,0
0.707,0.707,0,0.707,-0.707,0,0,0,-1,1,1,0.06136,0
0.707,0.707,0,0.707,-0.707,0,0,0,-1,1,1,0.060876,0
