>> IKinBodyIterates


Blist =

         0         0         0         0         0         0
    1.0000         0         0         0   -1.0000         0
         0    1.0000    1.0000    1.0000         0    1.0000
    0.1910    0.0950    0.0950    0.0950   -0.0820         0
         0   -0.8170   -0.4250         0         0         0
    0.8170         0         0         0         0         0


M =

   -1.0000         0         0    0.8170
         0         0    1.0000    0.1910
         0    1.0000         0   -0.0060
         0         0         0    1.0000


T =

         0    1.0000         0   -0.5000
         0         0   -1.0000    0.1000
   -1.0000         0         0    0.1000
         0         0         0    1.0000


thetalist0 =

    2.3562
   -0.7854
    1.0472
         0
         0
         0


eomg =

   1.0000e-03


ev =

   1.0000e-04

 
Iteration : 0
Joint Vector : 2.3562     -0.7854      1.0472           0           0           0
Error Twist V_b : -0.54855     0.71489     -1.7259     0.23377    0.054144     0.15938
angular error magnitude ∣∣omega_b∣∣ : 1.947
angular error magnitude ∣∣v_b∣∣ : 0.28807
SE(3) end−effector config : 
    0.6830   -0.1830   -0.7071   -0.6040
   -0.6830    0.1830   -0.7071    0.3338
    0.2588    0.9659         0    0.1644
         0         0         0    1.0000

 
Iteration : 1
Joint Vector : 2.2846      -1.452      1.9021     -0.6473    -0.78406     -1.2669
Error Twist V_b : -0.093748    -0.13164    -0.16874    0.072866     -0.1206    0.097222
angular error magnitude ∣∣omega_b∣∣ : 0.23365
angular error magnitude ∣∣v_b∣∣ : 0.17119
SE(3) end−effector config : 
    0.1734    0.9815   -0.0818   -0.3822
    0.1226   -0.1040   -0.9870    0.1861
   -0.9772    0.1611   -0.1383    0.1888
         0         0         0    1.0000

 
Iteration : 2
Joint Vector : 2.5919     -1.1455      1.8536    -0.74798    -0.53275     -1.5045
Error Twist V_b : -0.0176    -0.01999   -0.032079   -0.027116   -0.024962   -0.019838
angular error magnitude ∣∣omega_b∣∣ : 0.041694
angular error magnitude ∣∣v_b∣∣ : 0.041856
SE(3) end−effector config : 
    0.0322    0.9993   -0.0173   -0.4748
    0.0197   -0.0179   -0.9996    0.0802
   -0.9993    0.0319   -0.0203    0.0731
         0         0         0    1.0000

 
Iteration : 3
Joint Vector : 2.5861     -1.1152        1.73    -0.61282    -0.55482     -1.5728
Error Twist V_b : -0.00069883   0.0010793  0.00031053  0.00093369  -0.0011099 -0.00065719
angular error magnitude ∣∣omega_b∣∣ : 0.0013227
angular error magnitude ∣∣v_b∣∣ : 0.0015924
SE(3) end−effector config : 
   -0.0003    1.0000   -0.0007   -0.4989
   -0.0011   -0.0007   -1.0000    0.0993
   -1.0000   -0.0003    0.0011    0.1009
         0         0         0    1.0000

 
Iteration : 4
Joint Vector : 2.5862     -1.1115      1.7269    -0.61547     -0.5554     -1.5708
Error Twist V_b : -1.1084e-06  -1.132e-06  -2.582e-07 -2.4277e-06 -9.8897e-07 -8.3164e-07
angular error magnitude ∣∣omega_b∣∣ : 1.6052e-06
angular error magnitude ∣∣v_b∣∣ : 2.7501e-06
SE(3) end−effector config : 
    0.0000    1.0000   -0.0000   -0.5000
    0.0000   -0.0000   -1.0000    0.1000
   -1.0000    0.0000   -0.0000    0.1000
         0         0         0    1.0000


ans =

    2.5862
   -1.1115
    1.7269
   -0.6155
   -0.5554
   -1.5708